,region,townsize,gender,age,agecat,ed,edcat,jobcat,union,employ,empcat,retire,income,lninc,inccat,debtinc,creddebt,lncreddebt,othdebt,lnothdebt,default,jobsat,marital,spoused,spousedcat,reside,pets,pets_cats,pets_dogs,pets_birds,pets_reptiles,pets_small,pets_saltfish,pets_freshfish,homeown,hometype,address,addresscat,cars,carown,cartype,carvalue,carcatvalue,carbought,carbuy,commute,commutecat,commutetime,commutecar,commutemotorcycle,commutecarpool,commutebus,commuterail,commutepublic,commutebike,commutewalk,commutenonmotor,telecommute,reason,polview,polparty,polcontrib,vote,card,cardtype,cardbenefit,cardfee,cardtenure,cardtenurecat,card2,card2type,card2benefit,card2fee,card2tenure,card2tenurecat,active,bfast,tenure,churn,longmon,lnlongmon,longten,lnlongten,tollfree,tollmon,lntollmon,tollten,lntollten,equip,equipmon,lnequipmon,equipten,lnequipten,callcard,cardmon,lncardmon,cardten,lncardten,wireless,wiremon,lnwiremon,wireten,lnwireten,multline,voice,pager,internet,callid,callwait,forward,confer,ebill,owntv,hourstv,ownvcr,owndvd,owncd,ownpda,ownpc,ownipod,owngame,ownfax,news,response_01,response_02,response_03,Total_Spend,log_Total_Spend
region,1.0,0.41402633357641055,-0.01280973557078698,-0.02652545488968158,-0.01845528516484712,0.013850119126935484,0.01570965371058426,-0.004717454831713668,-0.013767673567528197,-0.010203801224029935,-0.009345220315522467,-0.04284887170144493,0.03659429204081253,0.04104035094230975,0.041849787711753496,-0.006780541994349449,0.007582335075626081,0.0051747856220069706,0.03208117820219611,0.029502060007955994,-0.006856350187853376,0.01563092951602437,0.056497902241694486,0.052967289782402394,0.05029896007057601,0.04574325139648294,-0.012441857865970596,-0.021115696897063465,0.020746084173383247,0.0015991797327838553,-0.008930714948255246,0.023958691722622563,0.02200430698332172,-0.021204821244494187,0.04561954931952444,0.017051802071953694,-0.004960376172077176,-0.0008424961235387485,0.01628049201654459,0.01665234730248471,0.008766252826654634,0.04019698916623824,0.03100436386612797,0.00980601332615337,-0.009820593026937852,0.05738826324025449,0.050646709323668285,0.18874125576191342,-0.011979247969100949,0.011721638620154715,-0.017045380485383062,0.05161124816420995,0.055817724157263444,0.062416052264682005,0.10100696145051959,0.09931720113783864,0.12694190242534498,-0.023518503868881855,-0.006292324124091834,0.00024139916599998524,-0.010910510252094262,0.008363464544588478,-0.01115678042070826,0.0026124114850132256,0.012007209903027536,-0.014424642681863614,-0.028101091581225736,-0.0006038401530690314,0.004211725037362495,0.003786411279482318,-0.007267279250074594,0.008974083538118226,0.0031340221768164714,0.00216630521135222,0.0033012472954277016,0.0021822886203795616,0.011803454696428925,0.005032686485919208,-0.002514595808404543,0.010870452186246379,0.018974991433569715,0.005710218399109178,0.013361895456514538,0.013429109814927334,0.011870409580675569,0.0074965173185150965,0.006682762412939283,-0.0011805112350283832,0.023630901153935423,0.028995509647470635,0.02520908012209308,0.017117643438234468,-0.0005918285180712234,0.02433569099908717,0.02129794287663288,-0.0018356336216407906,0.023795267869299235,-0.0011009281418162976,0.0314534732104126,0.03177301354225148,0.011990468662729379,0.0233740103701467,-0.016226186960377503,0.021834861765981768,0.02292289061529944,0.018777936028457887,0.019668277079025017,0.023290497723290317,0.019332231792321127,0.02608453205274332,0.028630064216082458,0.009907836814210922,0.03277829642433193,0.0063382881461823215,0.02206062303825099,0.01131912358544654,0.04858873721619382,0.04022848898001522,0.020596103095384777,0.00750375526467471,0.02639122370644938,0.03662222783076409,0.012312041341883712,-0.01300439602693533,0.0058986728043478424,0.005694326401008566,0.04269413421800846,0.039215605031510725
townsize,0.41402633357641055,1.0,0.009576267799388135,-0.0753988160833071,-0.06901694605700907,0.002967853358939119,0.003744383855821804,-0.010768321178548748,-0.019845840498884392,-0.05922086953160253,-0.058059370195908525,-0.06577940581349055,-0.00947839741169845,0.0009270227954908637,-0.007581967030479227,-0.01954274443847905,-0.03922010340854962,-0.031113409075489103,-0.01453488811574808,-0.002946301597641672,0.023539678930301615,-0.03112097228962389,0.029922253532543512,0.02602810491153451,0.023240438334679637,0.04437069762981913,-0.0009672092112519954,-0.018681872671421206,0.03165412107327239,-0.012533444482159055,0.009830326438479108,0.0016483601605570479,0.02092992145183683,-0.006999275749618273,0.024132851331609244,-0.003216738769957752,-0.04197978338520645,-0.043249655957244414,0.00350868477191262,0.015320920588505956,-0.009613930977080923,0.001887172329007478,0.0008606287148778633,0.0010188574976191427,0.009126582021563967,0.13563711010530113,0.13011149323526716,0.4869990339636079,-0.03207229839812893,-0.0049178949145991255,-0.01676988038553469,0.13187070384170194,0.11700288103241302,0.1003469367549849,0.18678865988804072,0.26076939467945126,0.2975227010212442,-0.021601378854422246,-0.0034798789245994175,0.0013638154254813377,-0.01498288613058503,-0.01658853099584193,-0.00543764675222928,0.026560624992920365,-0.00019557806644119466,0.0003221907838730332,-0.007635940996660647,-0.04213753943467905,-0.03383236127430554,0.007818650762242958,0.0017426930341134332,0.023063038711151892,-0.028920467617465934,-0.04012895658109329,-0.03270625102036871,0.022882113711107717,0.010587499507136576,-0.029943917992762584,0.0008877910405585357,-0.01716186209961371,-0.01575964172309194,-0.02196313091595947,-0.020295145721698205,0.0006637952802168088,-0.01629229527704926,-0.03473025870668955,-0.020630081966005753,-0.025590825202927055,-0.00631369765754982,0.0017381502688742151,0.024111199220442373,-0.0077416363279712,-0.004112056766261329,-0.024764910849485313,-0.015165104456596844,-0.00048519438133957823,-0.017098323667168458,-0.012526426184242984,0.007954177189378353,0.005392277300119043,-0.009129341741333355,-0.0068559685184714485,-0.022451917554610425,0.0045944530918076085,-0.006841998816300621,-0.004004926799157795,0.0030955735297465642,-0.0040069778862651334,-0.010482126314840233,0.0028580545851958567,0.0036833708088282314,-0.008284536316811223,0.02651330893768514,-0.0025113618662184205,-0.004500532004727501,0.016457716700055382,0.020715132510055145,0.022813352675699165,0.002638819997963387,0.00533312037970323,0.007898409969189312,-0.0005622498371033797,-0.028756060419971752,-0.006251576611045272,-0.010070167448719487,-0.007229761424536349,-0.008651442670857218,0.006132263506375086
gender,-0.01280973557078698,0.009576267799388135,1.0,-0.010185912956126955,-0.007427183970713942,-0.0007767204531758279,-0.002672860872709925,-0.016470317789787636,0.00031085789258203535,-0.011755734067414854,-0.013842468242547468,-0.021039891951677023,-0.0019485331920074584,0.0030369444823022665,-0.00214873913123114,0.004745840260109728,-0.006573839062527256,0.004602665735888999,-0.008475462457219488,-0.0016080317833715013,-0.001620451957323412,0.0017819121977811984,0.0038882706176081193,0.0014935434806088727,-0.0019178421432887829,0.031147548880326562,0.02866361197201529,0.013703422556243454,-0.01318916958640941,0.024293134469313138,0.006000601750382497,0.012542729907352331,0.003987637470704162,0.02427989343629245,0.006350971910098897,0.0032001248082401037,-0.013454274553584528,-0.006029911678893558,0.014402503733709066,0.009135270484579669,0.013085756026875886,-0.00735719728302906,-0.0024082281013588784,0.005596929317453519,0.011661577203949449,-0.01041591071999073,-0.01176384374534002,0.009913969077212429,0.031083304410783552,-0.0017754467172351874,0.00324369165333787,-0.028759950032498337,0.0022919065312727157,-0.007104054017990956,0.013717527236574881,0.01940507440978124,0.005030103461682688,-0.006535926920568081,-0.014943963573984352,0.024776442994303254,0.004640389680021984,-0.015293529694547059,-0.03628365930900318,0.048497567702745874,-0.023830302737962255,0.025206661196465825,0.018446412543529175,-0.020110893458539794,-0.006376889082090158,0.030362494726068535,0.01868579096432926,0.006584014751461114,0.006799331384567836,-0.013578002140876965,-0.008150102900163192,0.021339546044192484,0.015647256568715847,-0.009465907811892228,-0.013391432152145109,-0.027644096229122176,-0.020795835960369335,-0.025733087762441532,-0.011582839772783342,-0.010861862353655835,-0.017373312767249145,-0.016303369107693227,-0.012014988952568154,-0.000793868494780463,0.011701769077373927,0.004848973903388582,-0.01656810368938787,-0.003416378758433567,-0.016638389856907413,-0.012769002569578483,-0.022725688723300053,-0.015458113553594919,-0.018585143588955754,-0.010605517746690699,-0.006170111687948815,-0.017111620573970004,-0.01960150524214196,-0.012747834325452538,0.00183170099440906,-0.01983881383049967,-0.006052965959966811,-0.011541063859710883,-0.012860678571756462,-0.03969276292371042,-0.02492023471948803,-0.017734453442486444,-0.018901995467581343,0.02033532188797184,-0.000600304721067945,-0.004984105534077249,-0.0035697589115906542,0.012180538774173686,-0.002860503032320821,-0.0011159420271370786,-0.006962566283829168,-0.021319487443966147,0.0011643899517470469,0.009167199276695069,-0.020837290431122535,0.018057963940395,0.0013849308050523268,-0.00968506975214183,-0.07751152544451362,-0.07860501487684911
age,-0.02652545488968158,-0.0753988160833071,-0.010185912956126955,1.0,0.9698787511491436,-0.0939655681358492,-0.081129090998384,0.03770872759291006,0.011205648935625449,0.7055151662165607,0.7395734277800406,0.5675186183634663,0.20828641574685286,0.14298442008173134,0.20965924690639534,0.03903086445689694,0.14240062973632459,0.10804661660452598,0.15451363452171066,0.12700600728101005,-0.39420822661228944,0.4168071407919274,0.00303097168613744,-0.002796456083634339,-0.003425217273179094,-0.33833833739785285,0.02633411858911709,0.015743082639099376,0.013091438924110816,-0.013372999592973231,0.009332056365966323,0.0023259958549447426,-0.0032642047076485263,0.02350034471136185,-0.018264093420188574,-0.022518754158597776,0.824189032429262,0.8270640824505651,-0.008368060219532097,-0.08156288852196932,0.010314755506231453,0.1757596942480202,0.14100304034317684,0.008255481559535004,0.01900129381846661,0.0005066785285256527,0.004161367909221694,-0.05631347480920274,-0.013161730265959582,-0.007201284255960651,0.03519818349390448,-0.003162276772870681,0.011042445154581736,-0.001310821564707304,-0.016591198023191242,-0.014098465276938936,-0.01168672517906018,0.015065007423175755,-0.02031193166445671,0.029140714179258766,-0.022450456876934095,0.011028128643780534,0.006615876375088497,0.009268334840650622,-0.0036121097490971845,0.00870802198000928,0.003981323987385985,0.734837528734498,0.6762813885743106,-0.0069561535653394155,0.03828117939512875,-0.014995759121402016,2.996385304527174e-05,0.6915488174897193,0.6651593381907471,-0.23901144771925398,0.10965601013449904,0.6120137497145587,-0.2659762668756393,0.46866007996731823,0.5222025010962434,0.49963329456782196,0.5705216897092932,-0.0026116921133925858,0.10688663274412179,0.22531259577531798,0.26332843584054133,0.35621225416283203,-0.14155035627969315,-0.10421186967228988,0.09442105323285713,0.0915525392160985,0.29058945172258593,0.2867212768355128,0.2947741512046718,0.15053791322622243,0.4632267567088965,0.4006496963787148,-0.0807472320209819,-0.025350135007038168,0.12485028661140002,0.10872173516238554,0.25246988072711257,0.23813593641912215,-0.07783311634340878,-0.0745010198284179,-0.12645828542594353,-0.01834315207222627,0.0015701788783353224,-0.002782664993098652,0.0022041363051844365,-0.12007796748067695,-0.07582403970891037,-0.027318133982960142,0.09919386921598056,0.09302852169436916,0.05509956404655627,-0.07442307759503139,-0.13328369369992407,-0.21752357770673295,-0.23522567139218836,-0.042090228334341694,0.36520424801308776,0.015139940649929112,0.013174960485531876,-0.026230829100045802,0.03167996110968594,0.0072701720408658915
agecat,-0.01845528516484712,-0.06901694605700907,-0.007427183970713942,0.9698787511491436,1.0,-0.07833102085110791,-0.06412362451684873,0.032554396431782116,0.004465367353396232,0.6799021990402278,0.7322463655956407,0.5113347421284692,0.23408106830199363,0.19018831819206294,0.24939350353975223,0.04093693996046013,0.15915148023752904,0.13502048059209884,0.1763800059382374,0.1590176480919716,-0.39285866657502644,0.4225640022594802,0.004784605171086607,0.0005767643167858035,0.000823723220110176,-0.3311597687277187,0.026966320146463593,0.021828902981020245,0.011526902890453567,-0.008446245609882363,0.01470620782593952,0.0016628242954048222,-0.002900025900105436,0.021391729344337602,-0.01479273272143235,-0.02718732924099975,0.8015578452245317,0.8290987796032492,-0.004283337962541774,-0.07091004241184547,0.012551431970908638,0.20056210303831695,0.16058460198932117,0.009064882372676705,0.016535621031369185,-0.005206905086822469,-0.0019715513198070075,-0.05236418023498356,-0.005475325476601577,-0.003276014230781749,0.028330575411529196,-0.003349829488157723,0.014767993762577456,-0.0015126464504527305,-0.01270395932795233,-0.01076573740634129,-0.012206582913939763,0.01272347302870294,-0.019324802358857005,0.03605638634859599,-0.019001438708783434,0.016982917910678248,0.010554475153650015,0.009448098896220957,-0.0015521071031192246,0.00999704040781716,0.005603813472454058,0.7179918506587396,0.6880273730154608,-0.010372446721836622,0.03644910976090377,-0.016360891238844565,-0.000202480398460674,0.6798861366943441,0.6685724879014644,-0.23786438939590948,0.11719266878133339,0.5964648753964586,-0.2563243388513666,0.4443454862737005,0.5021572627336299,0.47463851157223863,0.5575058066451646,0.004019173665866313,0.11061733417103614,0.22217773384086692,0.26097695737307885,0.35285862217635067,-0.1350743784404155,-0.0965343321921817,0.0994001529086928,0.094548998726118,0.29045419967267244,0.27690324101195174,0.2818253362681263,0.14147258211917524,0.44415293146157797,0.39096524638238744,-0.06685840967267771,-0.013045486096051478,0.12394158501827915,0.1163226991524957,0.24785968117583548,0.2323166049685996,-0.06610656696279112,-0.05905114472102814,-0.118885041383408,-0.009300015517799586,0.008282683335923158,0.005250138740955066,0.012626107235692173,-0.11488880079266019,-0.059941709253173846,-0.019650637175880073,0.1263226607848628,0.12084796159015321,0.07888828999459925,-0.05948969297056547,-0.12319195492598073,-0.20868953188143952,-0.22338683001819262,-0.029309521220075962,0.34827479329883426,0.010039028136696266,0.010467453621367851,-0.014860222967633317,0.05161913201163342,0.03019243640449049
ed,0.013850119126935484,0.002967853358939119,-0.0007767204531758279,-0.0939655681358492,-0.07833102085110791,1.0,0.9664891423674656,-0.07285517908975016,0.0002728866207860611,-0.2146691923426891,-0.1978412778679898,-0.09262721506765735,0.18680166481220548,0.2063321963854124,0.1963433978515668,0.013870837611424179,0.12236187768587059,0.129911032672427,0.13586857849360015,0.1544495102070084,0.11008006546968357,-0.0795868747535372,-0.021560636414581755,0.11392817406194948,0.16995159086813327,0.022048089229776056,0.031113374153756475,0.008897703478885136,0.026018088445766478,0.009811612226273005,-0.002268256284104306,0.012165031440490926,-0.00543331642838303,0.020687961368145127,0.05107692425503879,0.018660166018272188,-0.055953795685678646,-0.03295477857353488,0.0029389876249384535,0.038881555239814757,0.013684421102720357,0.15766367871127987,0.10494732119559327,-0.0004396561896036811,-0.0020910451400135716,0.010801163917353066,0.011387017806159822,-0.008465310424580007,0.000983173723725403,0.0005743803708972322,-0.011309803184802451,0.008073566950934304,0.0013563345388264,0.04397390027029179,0.025737874660412125,0.004018471979506197,0.0052857238026835325,-0.0026126121058127165,0.002863102006193108,-0.0932716673011835,0.002693667668739359,0.01799651497213057,0.09734458045260007,-0.020479176913677715,-0.016853067354601417,-0.015035003568287141,-0.021935501939749934,-0.09409831881509152,-0.04686281579702823,-0.09169547692838365,-0.022365262761375532,-0.01187238993742869,-0.020142474971103764,-0.09701352859700121,-0.060422601479726,0.01508802656088853,0.010378410275980542,-0.09507700575062518,0.23903598911621826,-0.09737708401682497,-0.09228549351033367,-0.1038417476739205,-0.0819270644664609,0.028519620053977093,0.01866163520912674,-0.009493821211322447,-0.013008312611786399,-0.03298849553496496,0.43633543908978223,0.448759482280476,0.11194338830565134,0.34385390208067235,-0.050787127098187175,-0.04854252715184185,-0.03990923145042959,-0.012350979431412666,-0.08015318416019321,-0.047215348128466346,0.32998500171176215,0.34647571312466124,0.11286092080116042,0.2649672237016721,-0.03924526595483323,0.2615033506426058,0.3339013752675588,0.315456158797064,0.463451025932086,0.04347806492855206,0.045767079760088494,0.038062672751651684,0.043884196147273596,0.427759057019968,0.028753627887561865,-0.009821372978810304,0.06494030688730676,0.06259507035746334,0.05367442654907232,0.30001597881764397,0.43562282994220797,0.3698310176631779,0.3770188151659686,0.27616275713570637,-0.07350992294890905,-0.11733266395307003,0.0737504639484463,0.10791239829181244,0.10094250847961299,0.09807677696628561
edcat,0.01570965371058426,0.003744383855821804,-0.002672860872709925,-0.081129090998384,-0.06412362451684873,0.9664891423674656,1.0,-0.06900235035563318,-0.0032401482558977895,-0.1997088800672203,-0.1856724116816691,-0.08932152755025581,0.18717280822898108,0.20720874788473706,0.19724994480520416,0.010705327511155943,0.11885729651899787,0.1277788394458962,0.13568940615445682,0.15538032572171456,0.10371432949784791,-0.06566661518104809,-0.02229250996185853,0.1082312323369688,0.16474580665243474,0.013518280731831755,0.03042812746117915,0.013499678464698923,0.028380945110523383,0.013860326736368703,-0.001207909219042941,0.0077186071280309085,-0.004666509852692245,0.018084931996149762,0.05453523999940147,0.021945332660589557,-0.04393776416125721,-0.02050078432609925,-0.0026388195614105575,0.033752174466204425,0.011866395539019062,0.15720685295695952,0.10528601440800497,0.0031004709712626364,-0.006172582503247643,0.009072132761719826,0.009359320382311109,-0.01270360999472452,0.0009051429291746522,0.0039516067962117015,-0.014191335530755671,0.0066688358820281984,0.0016066281634195315,0.03902760408062028,0.023275529815704386,0.00693525044502601,0.001250166663929562,-0.0028221761956941983,-0.0010801775855218305,-0.08768012667924284,0.005266097633662497,0.013936729874110982,0.09564334845332834,-0.015564115253608343,-0.012327348033350817,-0.011449792428734274,-0.02051157286694761,-0.08213071142952003,-0.03367983229245448,-0.09270839942724175,-0.023377153829551772,-0.011412792411161504,-0.01184550992532764,-0.08558169532948488,-0.04840594082649994,0.009675610621222078,0.012956532039015697,-0.08676570377447386,0.2312728796896311,-0.09015395899991997,-0.08582775173442955,-0.09551434287605652,-0.07393947401157025,0.03205622877319384,0.022627268770587437,-0.008375308666358708,-0.0072224798646740255,-0.028373568776350503,0.42972477870001036,0.442755364561098,0.11295915647960218,0.339530863126897,-0.04749521299737458,-0.046291180406846794,-0.037596347197733665,-0.01049292186230243,-0.07441398630589223,-0.04129643259239683,0.3220057510895197,0.3406374932308762,0.11689740237136012,0.2608391925155718,-0.03492522034644245,0.25261510512042573,0.3275545515045937,0.3112928876731727,0.45132626025980566,0.04935949644553986,0.04710593944935068,0.03607287410495418,0.04656804820753741,0.41626945021895206,0.030799288579591598,-0.00933182847582298,0.06982142623885874,0.06656944353263751,0.05656300685435941,0.29312545473795526,0.4146193557263217,0.3574810397546767,0.3611908182010901,0.2736457712798073,-0.06842010397936456,-0.11265272038787337,0.07017215915477958,0.10622336859243701,0.09884164396870918,0.0947174841638677
jobcat,-0.004717454831713668,-0.010768321178548748,-0.016470317789787636,0.03770872759291006,0.032554396431782116,-0.07285517908975016,-0.06900235035563318,1.0,0.08477773724335763,0.4162337904342319,0.3467227260637414,0.1737358252946339,0.10685237531419782,0.05265761444551681,0.06755492610019755,0.0036726135603757414,0.06848566317560255,0.029643642384074857,0.07321670777866998,0.028732339924050415,-0.08602224348125799,0.17170268847982503,0.003116214583175286,-0.003644218433640731,-0.007822766776116818,-0.014961464321850103,0.01170587762972797,-0.02139371540685303,0.0024608664427655624,0.0009992450600629554,0.007074530784999515,0.006446276757934321,-0.0016807811154914585,0.01859939471582526,0.028167310137192113,-0.022920499132203634,0.04801407877763756,0.04135012368802791,0.018519084720964668,0.001892997523134689,0.010942308068279435,0.09482314347182215,0.05517308696290749,-0.0033719250945142554,-0.006662725327767736,-0.023440154288444905,-0.021748520339583594,-0.005062934430688781,0.025452244045061426,0.0022050939319620774,-0.010879734544979562,-0.006605338078458721,-0.002732033270964672,-0.027458384146337625,-0.01311481348584755,-0.016240757950110797,0.01186884373638082,-0.001659030486879604,0.015027574457338806,0.020041550354809614,-0.017910817344067163,0.0015294405907942885,0.018944607292306796,-0.020424065544171855,0.01221063624087023,-0.03130254074340811,-0.010978920445094839,0.1485281404302333,0.10294731152542444,0.02012415136722747,-0.005357683799453854,-0.013699571285296612,0.029617447030307654,0.15940634443061327,0.1168265720974068,-0.028845525992238264,0.028366708018136916,0.1501168917396813,-0.06221073066801671,0.15772545566676993,0.15898211423433384,0.162897994089639,0.1457170940078779,0.013099740410393083,0.053688342391017684,0.08171992121123793,0.0932787178575812,0.09944095083306542,-0.04680932929604016,-0.0366228133428015,0.023578265012542888,0.014404716710114335,0.07210339596808202,0.09400186149787264,0.10654142955204605,0.05979450963201975,0.15077192096917244,0.10386785618321542,-0.015514928552958602,-0.001678694895152047,0.026609353927018842,0.030530291317563078,0.05543198120633767,0.08027876443843647,-0.029174744286687853,-0.025179549070989047,-0.03965328581107585,0.0028456534766389844,0.030651895422535137,0.019355159363718937,0.004103123671313948,-0.04253979697387248,0.0035506068776861464,-0.03043362918743744,0.025123582514733695,0.011965734242657428,0.022038144770403813,-0.009352225881295723,-0.03792944252226094,-0.026887992055816524,-0.05027830048014504,0.008409086642382787,0.09086051597615574,0.00013705351678807264,0.002887842972127801,-0.00841528416335608,0.0024356748886773397,-0.010591580608984722
union,-0.013767673567528197,-0.019845840498884392,0.00031085789258203535,0.011205648935625449,0.004465367353396232,0.0002728866207860611,-0.0032401482558977895,0.08477773724335763,1.0,0.035272161681664964,0.028027940817487444,0.016391578185363843,0.007587539708256046,0.00892662974677559,0.013028145381767678,-0.004926572927133884,0.0009245448541944325,0.01042264690287726,-0.007085483893948929,-0.006545478500896183,-0.017210116796324615,-0.007664024475190081,-0.004504603236598992,-0.002181496737889596,-0.0020413770260804594,0.0054069667177938695,0.023958865994215525,-0.020190878422637677,-0.006949374656064826,-0.011026486532729057,0.0228775301512088,0.00032723844427440626,-0.01618037234994665,0.0349764940386728,0.0023380329239252855,-0.0073120208727848884,0.0020885164455124376,0.0018476000891966059,0.003242800245340441,-0.001618485052464208,-0.002496166754927129,0.004754314895138027,-0.0058794487154299555,-0.030318062353667713,0.008234285808954656,-0.0038925879668620642,-0.0030557889478442317,-0.004822739913380462,-0.005170704232564426,0.021037691504477592,-0.0031131002359262683,-0.006748217435580088,-0.01575796701407889,0.0035682231964256892,-0.0038878046658894264,-0.017395261968863526,-0.005119540907176225,-0.003040647663683552,-0.006939178829584782,0.016913721737843345,0.006507217080820537,0.010179664905910846,0.004907104956710147,-0.025885832368563347,0.009338848852388702,0.005804658408063483,0.0064224284219206295,0.01519809813794038,0.00893181922633774,0.0040698646251116286,-0.01654178577502157,-0.016842940419978327,0.004976068543164651,0.015807890453325726,0.007787118357961022,0.007502773458445351,0.007873981340102804,0.003614931807346736,0.008448820852362671,0.021776382561644936,0.016552159401335906,0.021146579966051935,0.016411010080029667,0.015031598827906435,0.019443745163012942,0.018249709315310135,0.009807309790135813,0.013709805001567201,0.013374815817337805,0.01632402928879233,0.00849371891671295,0.008603516864335607,0.001732721042144952,0.019259129259997704,0.012993157125423505,0.0011971580428708191,0.012729468111392576,0.0004275390490383397,0.03121376540865836,0.02841980059487708,0.0003978799565251873,0.018847145945036944,-0.00733995896023404,0.03659902023036659,0.03393249116622862,0.034905481555602746,0.004662262722265871,0.0354930728522111,0.0143895020133505,0.0175056309958304,0.017470959670491004,0.0040517166739202975,-0.004957835160100253,-0.008693640588801602,0.005636076392702999,0.012555199394975495,0.006250670326297047,0.019564592968862878,0.006489376437016662,-0.005895171608928878,0.006765115379985228,0.02451630658002746,0.007508301495302348,-0.010491623272990998,0.006430579889827601,0.004478954400623966,0.011456071551347785,0.02119123928079673
employ,-0.010203801224029935,-0.05922086953160253,-0.011755734067414854,0.7055151662165607,0.6799021990402278,-0.2146691923426891,-0.1997088800672203,0.4162337904342319,0.035272161681664964,1.0,0.9035909382449531,0.5011823909996095,0.35044903854572595,0.2673030236219433,0.316584172714422,0.03180059983708135,0.22551383445328937,0.17264548136712263,0.24916467919467597,0.1955973092221083,-0.329241801197688,0.4643546407814571,-0.006639273957588723,-0.029652200862130558,-0.03577880193466227,-0.24557292868605105,0.02499570366002575,0.007171066738836238,0.0037063057113323763,-0.009248850332616992,-0.0022531654803084264,0.009212876787918824,-0.00625080798625249,0.028055901819859442,0.020260715225671914,-0.042647707709750966,0.6094030249031256,0.5986114591649493,-0.00016614966855618392,-0.03906692970844894,0.002151351074888806,0.29167430890740415,0.19753677511460807,0.006982014824962084,0.014130504639223745,-0.006915214964991384,-0.003750474336111735,-0.03091346141262475,-0.0007471717109232962,0.003572313213151732,0.027234674105166525,0.006973934142586099,0.003912348283550737,-0.020603737900912092,-0.02841365952595134,-0.012897561145992427,-0.0008738286408571113,0.015220762006541835,-0.006017294823829218,0.063017387225207,-0.022222803760669974,0.024053712756602216,0.02649448710292633,-0.0002917422056510866,0.005330384360999307,-0.002302972076029327,0.012275598819266802,0.6797567252898257,0.5585056135738072,0.00013066030091231544,0.028572670092878994,-0.004384857578217324,0.022780417972145677,0.6570524693507024,0.5793779536761661,-0.16911930158715746,0.09252962244339091,0.5876773966162446,-0.25532906236874764,0.5209062596524551,0.5342094053349407,0.5534845479627676,0.541270129556089,0.023498273795300638,0.14676928916220675,0.25555200170918513,0.30576493463119,0.344880666099958,-0.17447001633135226,-0.1347890059218347,0.09589224406228235,0.04491796469169761,0.2506473255569565,0.2918684549304353,0.32112066010823953,0.17688698135607234,0.49007668106925667,0.3863076350728485,-0.08028817036896181,-0.026268584690198573,0.11941821999437852,0.10303903133586341,0.22690027711494087,0.22256836789264753,-0.080196241090244,-0.08657190734642072,-0.15509005107408685,0.013483293364908989,0.03874898508140851,0.03065565420844226,0.029286257247055487,-0.15256297430908425,0.0158787456996271,0.00023313571835747283,0.12770214631747326,0.12516322762113294,0.10743513378867131,-0.0697749335036927,-0.16202771293505946,-0.1988378957405001,-0.2186767935820243,-0.04058694980366895,0.36877767473883744,0.03908528414092226,0.014410157552440628,-0.029312286330170873,0.09138649153841327,0.06952177748015614
empcat,-0.009345220315522467,-0.058059370195908525,-0.013842468242547468,0.7395734277800406,0.7322463655956407,-0.1978412778679898,-0.1856724116816691,0.3467227260637414,0.028027940817487444,0.9035909382449531,1.0,0.40809593651380516,0.3757610167062017,0.3327191594617491,0.3848032133390824,0.03063673853119123,0.24679368824166992,0.20859702245944053,0.2746168640286635,0.23939530559042316,-0.3779851412017135,0.5136732415916394,0.0016053284298061987,-0.019636559726906224,-0.02471991088942355,-0.25795971247735056,0.02967877158181506,0.01276351248386383,0.009116620635559661,-0.007223718866380852,-0.0005791030099437662,0.00958385863929975,-0.0028734438089089436,0.028894758200050243,0.021710210644870193,-0.039946024447596554,0.6390368872295594,0.6641108105365148,0.00933742199119353,-0.018673961947748556,0.012012716700278685,0.33306670734991206,0.24596616199944604,0.017507660753555566,0.017668376391086257,-0.002321950117766739,-0.0005427440361533886,-0.0426315836216108,0.005843866153595313,-0.0010993813136715418,0.023696145710197767,-0.009298486102515558,0.009417835871020373,-0.014453525320331688,-0.02235201591510679,-0.014903245549303603,0.0003995748833877815,0.0071705717490159184,-0.008616036641515383,0.07719105430545309,-0.01940045391038096,0.02013603978850373,0.03596333703887822,-0.0006173747677737247,0.014381196453668144,-0.0010528081536710365,0.012270938538511725,0.6880577332494784,0.6307487409474812,-0.01149858745142006,0.04199968983865135,-0.00653466345404738,0.015202454843624208,0.6706493427729964,0.6361838119542653,-0.18842941184230494,0.10748330132790747,0.6032848719600769,-0.2743082331736719,0.47646179650739484,0.5262788385339757,0.506309473746021,0.5622940884167356,0.034249755712162766,0.15263341796604135,0.2561767907925342,0.30473449263485275,0.36511507292854184,-0.16642880322767775,-0.12242011045953713,0.11102445047530618,0.07883155159446477,0.29740174429603816,0.3053873098334577,0.3170791750868529,0.16135844170951366,0.4749897089460514,0.3939092227193,-0.0671849060431412,-0.010504380175637191,0.12943366262562692,0.1276481821265498,0.25800637444109065,0.23254742431703046,-0.07603691085549505,-0.0701880429512214,-0.14803497664816023,0.02153624083846369,0.05852389229863214,0.04434037136683794,0.04162874386555979,-0.15178241223778205,0.017323327196508538,-0.0038674518309445524,0.16811525016232506,0.16062107605062445,0.1381734136849915,-0.05400990589289395,-0.15239428129450508,-0.19271613156840245,-0.21111788654905717,-0.03582602110699671,0.3692055916097612,0.030418220451335035,0.017503799641802285,-0.032849811199391565,0.11517572329307357,0.09698205509729498
retire,-0.04284887170144493,-0.06577940581349055,-0.021039891951677023,0.5675186183634663,0.5113347421284692,-0.09262721506765735,-0.08932152755025581,0.1737358252946339,0.016391578185363843,0.5011823909996095,0.40809593651380516,1.0,-0.2604842405713485,-0.4237249599132894,-0.32619528454893887,0.024039067541956317,-0.158139161960587,-0.22553384421840195,-0.18213849675880783,-0.2614383458730966,-0.21148168145595858,0.16246163673025263,-0.001566030341360231,-0.013853853043364237,-0.018038018723706854,-0.1786458885133657,0.027544174923359904,0.01239956917178974,0.0003686842416849254,-0.0088107501535688,0.002269329091899103,0.0024899908703605762,0.008918541126482082,0.026401060695765647,-0.09416155391706563,0.051154987417795644,0.41317325391453064,0.3525590986278967,-0.037457194904948504,-0.17251661680012265,-0.006685615034245426,-0.24181104468762782,-0.15925770781417792,-0.013977244472066625,0.006553161913762902,0.015580993024522313,0.019094842738719225,-0.020171359874881147,-0.024278226663314244,-0.003193917753391643,0.034741568242780796,0.0061680070454176285,0.0016994676927667525,0.004980426171306323,-0.008690528929082028,0.0031949785021128468,-0.03390157842902221,0.036447918058789656,0.00851631669226357,-0.04894318441781876,-0.005192638755993165,-0.005212625622157736,-0.046586326572467175,-0.014315191526364254,-0.017225578003611672,0.007429501340497206,-0.007293472785792974,0.40788714852209673,0.29313612030382696,0.03675913360978089,0.023988609868769148,0.0014677245218332764,0.02001507400569752,0.3816965172840187,0.3151905633759522,-0.11518867639872232,0.031782857252137774,0.34675306706304865,-0.15153149891902157,0.30869172209628104,0.3113641768133323,0.3318538493493296,0.3100647390172678,-0.08918675036596083,-0.04191828080993539,0.07248164643825075,0.05380067424905232,0.15211688357589095,-0.10172451829707745,-0.09083140614353138,0.020153569524303798,0.01602059617920227,0.13260095300926156,0.16064119156149834,0.17424498070899375,0.09279069248913772,0.2877659159870667,0.2228345750751075,-0.1302038248785586,-0.10535693932218805,0.03511842750576427,-0.03950849901355575,0.09739863467405029,0.1427615360850251,-0.10381727355185469,-0.11924098737887387,-0.08143631429373364,-0.08659877358534955,-0.0874764979326981,-0.08089789132113344,-0.08890857715776906,-0.06657784666338973,-0.1982604029004373,-0.10425420933458097,-0.14545801638402978,-0.15500812104258477,-0.16531799028450186,-0.0975584717867479,-0.08890592151346934,-0.13278886501384185,-0.15175898263448118,-0.0705643475518697,0.21370661598819043,-0.0034566075398345343,-0.019784287424269728,-0.038500199644496746,-0.16932739078825856,-0.1982517934160853
income,0.03659429204081253,-0.00947839741169845,-0.0019485331920074584,0.20828641574685286,0.23408106830199363,0.18680166481220548,0.18717280822898108,0.10685237531419782,0.007587539708256046,0.35044903854572595,0.3757610167062017,-0.2604842405713485,1.0,0.8981722095294378,0.8907021365773538,0.011585930898614986,0.6275776037551266,0.5312680856161522,0.6962266982454995,0.597858671216148,-0.017053334916004362,0.2622462626919935,0.007572886506352515,0.03549061260581422,0.04904613388160771,-0.07338113015267204,0.008424494193365172,0.0006564483865279184,0.02283098636064982,0.0018404690778236045,-0.0019560303910207896,-0.008239008219417636,-0.011377029740317736,0.005421256970860075,0.14387269583717097,-0.09463861699674192,0.26061237641263224,0.3127225190603394,0.04480679874015514,0.15605473206216203,0.055518224564588964,0.8368401796799438,0.5372835831836084,0.07128501713769246,-0.009585402004490914,-0.025542505115157977,-0.030354685907862458,-0.022761096621022776,0.037195181162755886,0.008209297232887372,-0.005096753468328103,-0.003494010422233824,0.006248654635184443,0.0022896629448978254,-0.01979299826481176,-0.0011975589434453705,0.00868378513651678,-0.0022094079615722208,0.0018277110075995762,0.08064596308900815,0.010850298931755752,0.03979971098459748,0.1263274114743205,0.023887386745406396,-0.0026675775822220223,-0.018985277018729582,0.004045540364584067,0.2751625953018675,0.2798395365514865,-0.06867792096938687,0.0004947197286410474,-0.011805930054628242,0.0029678413730966947,0.26877483901473,0.26573629821113576,-0.0700158086336315,0.08066343051477302,0.23700293240505912,-0.046093009908290766,0.19364870828845118,0.21580116987607031,0.19917825457937038,0.23267896874136823,0.15929896880931937,0.23970507511535324,0.20657543996026986,0.2857818993359709,0.19675620689935902,0.06583483375661082,0.1120478405460408,0.1509723958911904,0.16440493796174277,0.13761329330479335,0.15614898673602667,0.16496886710135972,0.08431951831445623,0.19701194267089295,0.15069974552637858,0.16485632306487896,0.21510101903281273,0.1634186577132654,0.2530342240997137,0.1463145272236705,0.16337689733499738,0.13172998714240142,0.15192642806458476,0.07219956668150643,0.1481172117100619,0.17314680460697562,0.14512334776707944,0.16330874771210657,0.056130792678740105,0.11494920730861459,0.05509969996652242,0.22660569778151632,0.22947628509009063,0.20648056045240445,0.14506072484862687,0.04926982550054102,0.03292162156390578,0.040451583078435445,0.14938823316731603,0.13872953606905733,-0.0024403733689252792,0.06289534629267576,0.0530108341404051,0.3771996909710538,0.35585143117743656
lninc,0.04104035094230975,0.0009270227954908637,0.0030369444823022665,0.14298442008173134,0.19018831819206294,0.2063321963854124,0.20720874788473706,0.05265761444551681,0.00892662974677559,0.2673030236219433,0.3327191594617491,-0.4237249599132894,0.8981722095294378,1.0,0.9515391104766054,0.013176927504311705,0.5669718898639876,0.5838229025429204,0.6367979204366239,0.6660757886444956,-0.03245108578754837,0.26306487204218526,0.014138196254039004,0.045416510415625354,0.0595706766817022,-0.05778807793013678,0.0058456414737377525,0.0028662005629004404,0.014187158737516775,0.010129692644782688,0.0036154428600624245,0.010353476609405563,-0.01134938059622998,-0.000391847768004754,0.1555268676359522,-0.09277981755764322,0.2109492449991836,0.2942970857292918,0.05188061988677794,0.2042687219124634,0.050723033560031265,0.8019384990566097,0.5643541646072465,0.060628957570049734,0.0006244575054046853,-0.023165722866866578,-0.027911628789784475,-0.025591389602618683,0.03729500223047935,0.01095388268659826,-0.01722037542403273,-0.003680674484838409,0.0044056552589875125,-0.0007927175097525288,-0.010826917151872796,0.0005685383718698583,0.008744364311054898,-0.01272919013161552,0.0007438188775485653,0.08853791306470006,0.004191055002611702,0.047337304821269875,0.1346347087775467,0.021194857694065594,-0.0018975130410820505,-0.022544684069875587,0.012332294069878532,0.22367805011861963,0.27682322732731773,-0.07958913652311451,0.001742605929391355,-0.006244228930624686,-0.012111432597436848,0.22553205377849025,0.25119425824006947,-0.05870453158775612,0.08078388386955102,0.1932848402632318,-0.022755548509073038,0.1317468319382899,0.16416074609528802,0.13525925639184982,0.19693625776567666,0.16601922242382372,0.2267435626560575,0.17351666562282683,0.2549691332760555,0.17200248721307926,0.08338875864236871,0.12583866209778868,0.14336966463333253,0.15924337950328746,0.1203250618733602,0.1347501648384078,0.13761253974023885,0.06836272094307794,0.14917142310093393,0.12470417306970595,0.17472192583310026,0.2178383457133914,0.14607156255550005,0.23756058076626485,0.12077219146546932,0.14046089428286557,0.14584429050906395,0.15932208130399678,0.07534034075509877,0.15255260711908528,0.17204408738771393,0.15294914463999057,0.17090138929214105,0.0628163451190029,0.22375626917783414,0.10864271000527165,0.3629226125387207,0.36741391421725356,0.34129627154896974,0.15550301057151103,0.05760847544025707,0.061467468698333624,0.060089388571628766,0.1461912778741222,0.10804714564454788,-0.00120626706889363,0.0612873635145302,0.060666118497377346,0.3968521521581967,0.4048781838555786
